0.0033387858676264736
-0.09496890373633009
0.04599436521294821
-0.013849619565105182
0.140515286845326
0.0849109571837931
-0.05736621044678898
0.018209258855325282
-0.00030132690624013934
-0.04639872503656236
0.040322607799067475
-0.011907059710580125
0.0027233203910768723
0.13888364903509431
-0.015732125011477915
-0.015199195448209683
0.106764936575984
0.12089878035215781
0.055655641851975565
0.02233302941248292
0.007682667059755895
0.034588925238009646
0.03028664790412077
0.09934956499391216
0.10421365165215137
0.00022255403038865895
0.19882853560009794
