0.07264665762988194
3.5433003407924696e-7
3.7870979149153766e-6
3.295535897983753e-7
0.008757953828200512
5.695409538236469e-6
3.55957512502044e-7
5.663448358362092e-7
3.6271585520706806e-7
3.315876061394548e-7
1.3230591515018567e-6
0.09625950995434754
0.047306565512573846
2.5436610817410476e-6
6.952787844403692e-7
0.015218877886709725
0.2563588151029851
5.841631893050843e-7
0.033121366558176685
1.0527344892568635e-6
5.102884008469529e-7
2.1315438844992232e-6
0.046554997477074304
1.4162621620862223e-6
5.309608624730333e-6
0.007876858009633371
0.10478730934670284
3.7243590716574147e-7
0.2071820131029454
0.10390135355820647
