3.9651445911672364e-10
2.0836872551648385e-10
4.0891883383988147e-10
1.1715385012419074e-10
1.7046655838635073e-10
0.02160161579158409
1.353353776709595e-10
0.06639133417109598
3.0692215425879157e-10
3.857855802669737e-8
0.003994623298416312
5.608984924868798e-10
0.0691385880014613
4.718614755492736e-10
0.2580426320309085
0.15037573613582075
4.651614536170079e-10
0.05529186064001422
1.6321044262147042e-10
8.080969631536622e-10
0.05536459443208306
0.09190035893867171
1.2887590924069296e-9
0.017009610921294036
5.584688748131681e-9
0.03287949813246409
3.0889210180508517e-10
0.025636066147930608
0.05987357281219389
0.09249985857225478
