6.624866999650307e-7
6.83174924284843e-8
0.0408941844308818
3.701328961254769e-7
0.12151883844033368
0.06839900022517924
2.0482819354481852e-7
5.360506692011439e-7
6.328790697016914e-7
6.041205892026293e-8
0.025730628637081244
2.7012989733664535e-7
0.0005922249548811357
0.10776681928380767
1.1927460522404994e-7
2.579069042913414e-7
0.09935266092566059
0.11670148188073623
0.05049397253821261
0.006354128521928122
6.316237221698146e-7
0.01145398814617184
0.00219259818820194
0.06945426387712132
0.09644788023960649
3.838382334416407e-7
0.1826431318297536
