3.4248104900040634e-7
5.188168153489948e-8
0.040969982386952236
5.168835541537508e-7
0.1289674702403254
0.06528111662048684
1.5307465565453685e-7
2.854646719075971e-7
3.5190120494889596e-7
5.060731539409587e-8
0.02006180244937184
2.0596230128586444e-7
0.0012733169787299498
0.10623805853468554
9.024058454402629e-8
2.69235067350496e-7
0.0984334876602083
0.12872828662881453
0.05755422034333022
5.509144994891976e-5
8.86958649239638e-7
0.01670363272800613
9.372223986425909e-7
0.07484710907834571
0.08865315330479719
2.8535020942138107e-7
0.17222884433265412
