6.96553092177287e-7
6.809449501202276e-7
3.1634755099102854e-6
6.150216209611443e-7
6.822051311180331e-7
0.01413046202128165
3.7512642965870694e-7
0.05783711578197679
9.401915770042283e-7
2.9643451972116587e-5
2.1998505061512324e-6
3.3119873403339474e-6
0.04864856158126909
1.0553892448234726e-6
0.2848060759461154
0.16859682750861316
6.217278580782386e-6
0.09168346092288446
4.96440298004371e-7
2.4804453209934943e-6
0.04884734802529473
0.07697186030225511
2.120873411094622e-6
3.9425728790055325e-6
2.2551209665453696e-6
1.0059639673822372e-6
5.266352474704259e-7
0.013517239828969858
0.09594985567175152
0.0989487828815425
