0.050334273837860495
-0.02113345775438417
0.02755206767948044
0.0003298435359619205
0.015925677777436427
0.010297809115249754
-0.03830706530507532
-0.03988294737205379
-0.05236668524150231
-0.07805708481231632
-0.012565544429001905
0.10165568159926848
-0.008485010486800563
0.10891417499765517
-0.0026437101818287396
0.05608632730760979
0.17261494666090238
0.022143428299947938
0.039197678223933725
0.001987031349463335
0.03211049646539161
0.04875486905406158
0.08189893736071324
0.013702294649467147
0.08068687681334014
0.029528087104650644
0.11009214316289181
-0.010731670811037639
0.1585135106469571
0.10184702075175767
