0.0778124598363371
0.00033679392953133585
0.0025319273352628112
0.0002657970527715797
0.004663223920958547
0.006101450929942453
0.0002945290638811008
0.0006663944405389785
0.00036821021672696905
0.00031962265708419005
0.0015805031857009176
0.10074470025983549
0.021118908365383993
0.005019959957622343
0.0007117535354683812
0.04098774154048943
0.21291864966788546
0.0006690559268504846
0.044430803327363017
0.0015036514357849725
0.0005600062016583617
0.0025808365234931113
0.026072793276019968
0.0015558370691625106
0.0058857384867384115
0.006535838149337485
0.11158384265260318
0.00035478935868481627
0.20300905227048657
0.11881512942639622
