0.010456764425869975
-0.057721864569667256
0.010394195448832117
-0.0545805458296567
-0.05454998564520121
0.04645338710491799
-0.04297631081257439
0.0859832256112149
0.00853053242860183
0.0364665009561613
0.027359922608322793
0.03261508234377971
0.07939414537600574
0.0022982571150979895
0.23516422331074197
0.16307197428449416
0.02099030040986945
0.05984903534374612
-0.06626381471914031
0.013831178887654474
0.05442037700599018
0.09670559819151728
0.029925674054672786
0.04443897643350396
0.014972367006817372
0.0009954313153616259
-0.007488921103926066
0.029945158338369627
0.06378685768156678
0.11553227699705582
