0.04458916218044119
-0.05401904887579573
0.002739615874683693
-0.058665694558228385
-0.05051483199784379
0.06066512465098068
-0.02358530315872284
0.06158170848226943
-0.0004127114393622743
0.030440543644232963
0.04387052998875004
0.0012524950557651132
0.08946874549963933
0.04317546102842831
0.2322726974826005
0.13116435246610061
-0.02026151338806867
0.017464641522583958
-0.1046162674461462
0.002883550845230536
0.0805124469498906
0.08114398550924845
0.03425765314568974
0.030406143727068784
0.006723279397352903
0.07745674853802217
0.08131322427664557
0.03348736097878539
0.04215326582067855
0.08305263379907946
