0.03824707077555328
-0.04990601037515222
0.007651952144218731
-0.0631877197681969
-0.0451470739896496
0.05840437057969105
-0.021272913119576176
0.05234896806689598
-0.009354833217944763
0.040151229903280176
0.03992250437727498
-0.0006351073240875481
0.08207540767469339
0.05984740403901634
0.2218876669689292
0.1320890390854842
-0.011293860642746654
0.017859949711822247
-0.08233203360267981
0.0020778225407199727
0.08238187374219275
0.06723758802986463
0.03258958829520489
0.029416993695404528
0.011383908884105894
0.0805482887304488
0.07457247526672309
0.029117791249046385
0.03408377499019261
0.08923388328927052
