7.117809776271397e-6
3.2831113667357865e-7
4.325995170329274e-7
1.306545350067694e-7
2.1213407706961608e-7
0.03609696103901966
2.011508571538054e-7
0.05401236071652583
5.569078501628794e-7
0.0024672275436205793
0.017298373410584614
2.932495864354804e-7
0.06953664462855084
1.6699235710188864e-6
0.2397043377154708
0.1361596307224588
2.938092209960052e-7
0.02645742642177902
1.872755263360327e-7
6.507055970742998e-7
0.07283063653936339
0.09607069354578314
2.8687826429936902e-6
0.019938302560841736
7.648090413438923e-6
0.0816542328852575
1.8266114001789671e-6
0.027945759430186675
0.04520937260073929
0.07459362222411038
