0.051570950853146634
-0.01932764273537781
0.026583077840017615
0.0013825055026144017
0.01180409966580864
0.0036636501803969097
-0.039528193675838715
-0.044742677022293335
-0.05155227672897409
-0.07997170714439429
-0.012834937623226662
0.09996382791368369
-0.010695069019117627
0.10943343490119249
-0.0034655703313334987
0.05903565391956281
0.17423793549527566
0.03320561038167543
0.03394896808882865
0.002099829548127789
0.028822428488893062
0.05816155835770023
0.07583086458451033
0.015424814831778797
0.07600517474937435
0.02792963306350009
0.10864553827652419
-0.011483377582224497
0.1642157347065336
0.11163616051363512
