0.041833377301407675
3.244700946336238e-7
0.005397276796705882
4.1041927452620234e-7
0.003411279079204722
1.4160913673891274e-6
1.7113395140587742e-7
3.039609406319073e-7
3.23128700888804e-7
1.5792775555440545e-7
4.996128506709643e-7
0.08395120660260925
6.03890492576429e-7
0.10302977340889796
2.3796394113906587e-7
0.05447716632728186
0.17883402363384532
2.3162624212024728e-6
0.03180729301758564
6.857894037046763e-7
0.003977639483184147
0.029240498883017375
0.09577165688475042
1.084398392322677e-6
0.03783849255802505
0.015743400449661084
0.1014356693794304
3.9966015487763545e-7
0.1607250788206996
0.05251723266395186
