0.03914902349260256
-0.07260839813394782
-0.004944719007743931
-0.05599386259307679
-0.06149130291058209
0.056466257169659494
-0.02634102617831147
0.07731965175690501
0.007347834134675092
0.02105290700494111
0.044996990768078636
-0.006622606842021264
0.10497331496483381
0.03862764494413075
0.23447928014620906
0.1454745342877825
-0.02217263456977478
0.025978415960793293
-0.09935993292888079
0.006042297900689708
0.07973959277451304
0.08038026977815182
0.04645456274656861
0.02562861772573827
0.01247775674619855
0.06108046745307078
0.08109649165815713
0.031423225768114155
0.04730869492658371
0.08203665105594181
