2.690764915250152e-8
8.674014876282961e-10
0.03721656918051646
5.030743989919863e-9
0.11429929509070291
0.06622590818490962
2.438242270538857e-9
5.8200552117094095e-9
8.919251591610856e-9
8.254975666437314e-10
0.02557660317791674
3.122464132762732e-9
0.0015837052444028887
0.10569643073185876
1.5152925802249435e-9
3.0009600321096942e-9
0.09785728885367431
0.11491613415924468
0.05010891301534219
0.011674802656917803
6.662143923300108e-9
0.019159224027180455
0.008332570535554855
0.0729006221677951
0.09428512332129667
4.421547839963666e-9
0.1801667401214369
