0.03877926486867424
-0.052093778488483046
0.006727639045286339
-0.06216611733412908
-0.04706939213746864
0.05765988536747416
-0.022053874213501797
0.05524223786893461
-0.006418912773707849
0.03752212487361022
0.04064546721234188
-0.00030018779551628896
0.08413872804054438
0.05591431530237044
0.22459308693331098
0.133761364908775
-0.012374034408618223
0.01862058191598345
-0.08555214599304733
0.001983155984488473
0.08176755069358728
0.0695409206484193
0.033662273701228054
0.0291746294427748
0.010878031224074434
0.07879588951231457
0.07549855157182879
0.029692325958634122
0.03560392023692984
0.08782649783288689
