0.0757447744794104
4.617554845016813e-7
3.3420198793437944e-5
4.0306754924065776e-7
0.004025213948141144
6.6971334022641045e-6
4.561519863644748e-7
7.56184614588655e-7
4.5422742878840556e-7
3.933793933467291e-7
1.9733056341961065e-6
0.09471386925277434
0.02998242155016618
2.3825097501154374e-5
7.798127188400878e-7
0.03501873963720876
0.24563603724772276
8.576476656381972e-7
0.042278700787789746
1.2644993717213037e-6
8.002554498141656e-7
3.1111778478038137e-6
0.044907976454279165
2.458837492602373e-6
0.00550095452305993
0.015040664193147295
0.1020756436736172
4.974269075782532e-7
0.1960203457540856
0.10897604833935552
