0.00040377632854587497
1.9610738636297693e-6
0.040506202829234346
3.480625273360985e-5
0.11012723262541116
0.06529367318115101
8.303456928226143e-6
5.112268826449713e-5
0.00013224138693090383
2.211401755495439e-6
0.027553630091804244
1.641331484344839e-5
0.0012312258984998215
0.10508124374123595
4.8114616665828435e-6
1.5853538448992067e-5
0.10154021233807183
0.11932565030920207
0.05016619933016802
0.021508352134718318
6.456671673559955e-5
0.011941525166115267
0.006037284592415859
0.07000728339270317
0.09495679370969935
3.164380348676664e-5
0.173955779235366
