-0.018637703626583506
0.047213990419159635
-0.052670365954646976
-0.011861142947317481
-0.04698138767175693
-0.028828461678020532
-0.011890868831790627
0.06163165709644441
-0.007294135063065044
-0.04184240061820756
-0.015536887643994727
0.07224778556773474
0.06744287777661272
-0.028614540758114315
0.2484753728543415
-0.05523963475899967
0.17163410647394867
0.03386083191610566
0.08787903235703215
0.13500448069289356
-0.013743741054439707
0.023156381672113487
-0.004738418351251801
0.1692291445167025
0.022431785039131673
0.03391882136890512
0.11034973581692009
0.07589155772733935
-0.02248787233719629
