0.004074872279555057
-0.09470970462259976
0.04704810566680762
-0.015398482495933473
0.14007066340319024
0.08436705152731465
-0.056773920313891814
0.018148625107900607
-0.0006769923197164679
-0.046674241391005705
0.03934710305767454
-0.012681348181629203
0.0013526744814944527
0.13644188867694101
-0.015509464234348682
-0.01580566012194803
0.10845091755340519
0.12278577890163529
0.05516078678625097
0.02465672193924263
0.008454682305718265
0.03245732711212134
0.03127469676017053
0.1009402812670811
0.1046465671208186
0.00025807000688528656
0.19829299972686573
