0.052598820372825886
-0.044348639975478235
0.042634041377463835
-0.017890911786113364
-0.000867200333757263
0.029165519360135634
-0.028830456696359644
-0.04235950381912554
-0.09316100965073233
-0.055536413313567894
0.005336362012584711
0.10744276039165662
0.009693955023442445
0.08066358400217406
0.0023260211803456756
0.09409421599421049
0.20539685770873217
0.023389567777971288
0.05604968948902087
0.007283055829973936
0.009578897155714817
0.010415171357502081
0.024094041108165952
0.0016899463923278665
0.10147343318700355
0.004492177331744827
0.11417292614562656
-0.01315701639773164
0.17901115103778115
0.13514895773646163
