0.0414357741308435
9.076654161113566e-9
0.0030388076451622397
1.3435035816722755e-8
0.004703236094677571
4.52821614782096e-8
5.605648682413018e-9
9.104814092089887e-9
1.0016517882592076e-8
4.817131377217714e-9
1.5509317472966967e-8
0.0838708698479699
2.0430361822195894e-8
0.10382393718742516
6.880010361580051e-9
0.0535153953351341
0.17474482873582978
4.1958637358834674e-8
0.03564094447053125
1.994153827865523e-8
0.01036959086765789
0.02312252263358837
0.09773801883180973
3.327529024174437e-8
0.04602285344530286
0.01843602133747264
0.10077003800121384
1.0552910745065976e-8
0.15528758483508193
0.047479330714269456
