0.05166905226864836
-0.05956582986598546
0.05159074435748049
-0.015433383069545883
-0.0037160036780363877
0.03183224077272271
-0.023343396245086037
-0.045642430184303986
-0.11405301155904457
-0.06154538182510787
0.013691214257536374
0.12373928619610598
0.025962855120048596
0.051485981030471056
0.001498561114026904
0.09975836175969596
0.18466834087417613
0.024675109626523035
0.08423241629456998
0.0061078333829477005
0.003277042439324058
-0.013489760454455341
0.02560381753237335
-0.009529468333894935
0.10965072741126378
-0.00023347521866766782
0.12419668521275977
-0.0033490522697441683
0.19427949431675406
0.14198142873644412
