3.3319318740060504e-10
1.750668971627832e-10
3.4367092949012884e-10
9.842896563362143e-11
1.4322597508515017e-10
0.021606413248763737
1.1370501715580689e-10
0.06638996195679141
2.5787535425292685e-10
3.1825984314546636e-8
0.003994905949639719
4.709083418073457e-10
0.06913745798509331
3.965054817583603e-10
0.25803779073307226
0.15037613449165949
3.9070734877600014e-10
0.05529200395451983
1.3712128672228966e-10
6.789937984483667e-10
0.055368594823572294
0.0919060633790143
1.082757885283661e-9
0.01700850174287495
4.693427399180901e-9
0.03287830137234526
2.5952982794169753e-10
0.0256354275811525
0.059874773016148575
0.09249362836425029
