0.03753689165824091
-0.048750645469348514
0.010293170053094252
-0.06511201624105532
-0.04858292604161083
0.057644254905783454
-0.019379897179513824
0.04966427988314424
-0.008033174372524597
0.04394139068987303
0.04159320180849967
-0.0035932674099492467
0.08028575500831886
0.05949046810635129
0.21626302957181792
0.13421400513044263
-0.0075999704674792065
0.016079090178790008
-0.07632613815068062
0.0037943025267179295
0.08745286622770237
0.06870590216087775
0.03376100956625021
0.029340102659602012
0.013285844724642677
0.07830382515341935
0.06332716112539205
0.03014000251949648
0.03020323449911376
0.09205824717459116
