1.1307555553547135e-6
2.1215892718542683e-7
2.757391159910885e-7
9.861187219620622e-8
1.4315534578307303e-7
0.02561242528749921
1.427121301673311e-7
0.06950758922541611
3.799008328393709e-7
1.716922149526004e-6
0.010740369730130109
1.99158433564823e-7
0.08844855594261865
7.844173853064799e-7
0.2435358329553928
0.15125686997249863
2.1802466131512054e-7
0.033723082821032646
1.498188399659312e-7
4.0366732652002307e-7
0.07384244508074611
0.09894960902755637
0.0003695425924951004
0.008804959016902019
3.3241969288167458e-6
0.05911899466742991
1.151770237790622e-6
0.021896856412533378
0.05241554603764588
0.06176699022036067
