0.06675534572695441
3.076827783325855e-7
3.153741804640527e-6
2.9237219517319975e-7
0.011701894245951703
3.243823989594604e-6
2.987564317236118e-7
4.853559330208392e-7
3.1033357919809783e-7
2.900696192602618e-7
1.0545355989606666e-6
0.0927054920866883
0.05624685089214025
2.2269574144041134e-6
6.41631915654491e-7
0.010898616717617503
0.26713908862626656
4.6867424161368845e-7
0.02722901672783788
1.0156577016562102e-6
4.427191895127535e-7
1.433713055681926e-6
0.041996742523618416
1.2265929474289415e-6
3.937476446860295e-6
0.01507039686437261
0.11212184745220714
3.186530307620032e-7
0.20442752527574065
0.09368603411273119
