0.010554014473304882
-0.0607334224196211
0.025987782367646744
-0.05824415961037802
-0.0754198285002175
0.06210571157067093
-0.0616797360188098
0.1099224074332265
0.01769979146340382
0.04092931210600857
0.013939310707523168
0.03943967025829853
0.07624649325030211
-0.007106015512665163
0.21442824109142306
0.18305472182570662
0.020610954592961327
0.07536326410081551
-0.07020718666452735
0.02271938140921968
0.028732783081030083
0.06811505019055772
0.055555940336255175
0.045844851343720995
0.013036608013533792
-0.03449108309225546
-0.030251807902702477
0.03827247369623908
0.10943402312754709
0.1261404532817814
