0.008662685919482932
-0.06321130722972926
0.027152929275068963
-0.05685138430231645
-0.07765694835131141
0.06305112666916762
-0.06289913425601922
0.11362928396493606
0.01752477275903439
0.04376512260675961
0.01633351805226041
0.03807523995425215
0.07788054831582349
-0.0025206576121831973
0.21138347712141672
0.1833689644552458
0.01799594669217578
0.08001283270868324
-0.06848983852544502
0.021583532095223942
0.02271347211533191
0.06793616787413462
0.05328975734499383
0.04356916706573055
0.014529717988488447
-0.03773747305089368
-0.031931080477443904
0.03828170831527876
0.11306132323061617
0.1274965292812368
