0.008829316004568488
-0.06328244973111685
0.027077965613186643
-0.05681789417300202
-0.07728482783653204
0.06315759870470557
-0.06291467066540896
0.11381883317690436
0.017310117894780156
0.044157331926900543
0.016256233815943023
0.03817864081653319
0.07766499690633473
-0.001921408383171314
0.2113979680568732
0.18316146059770558
0.017684937163235746
0.08025209475297287
-0.06893759135096234
0.021480988778094845
0.022764199635078454
0.06805743519811552
0.0532975050914585
0.04357688844140713
0.014251794438225938
-0.037978163330924256
-0.03210652985635607
0.03831602508324064
0.11321078751931173
0.12734041571189703
