0.0030849207562859185
-0.09261003759828394
0.04203111711495133
-0.012847851758317519
0.13601381248063496
0.08207062855805157
-0.05774963349534648
0.015149541646319
0.0019000327591119019
-0.04374518484781689
0.04333135115372908
-0.014018156432334561
0.0034362288772679067
0.12961005905456577
-0.0159889789525944
-0.018910512225647422
0.1064605164128638
0.12176977732026568
0.05524304205011532
0.025807941208518
0.00818625021697929
0.046296155417676094
0.03437830384374933
0.10169344193732752
0.101445112976781
-0.0016206940349037633
0.19958281556005156
