-0.020361787792932264
0.016272122588660672
-0.06663466013404228
0.007237463478650329
-0.03010252024795341
0.03390206107866278
-0.006116067977199055
0.03402389203654554
0.009535511683936066
-0.021270849368308708
0.0020177117191101973
0.07212926535723688
0.07964846327244501
-0.03604710865059745
0.23825945281699726
-0.07531629074920769
0.1958009304745403
0.02744787358785764
0.07069258108126877
0.11716509992991875
-0.016143036600877344
0.029110993437802785
0.005974897575376356
0.1662470580538594
0.02086205103360728
0.03155062757120133
0.07870895644234019
0.06215717423533432
-0.026751865934233825
