0.0031871907425931744
2.981908178824422e-9
5.293168421997076e-9
9.981136335126945e-10
1.728607235153074e-9
0.03668092202150486
1.6469722079872188e-9
0.05108498689081742
5.0519403645815915e-9
0.016403121861135364
0.018935944272468197
2.5892714530800245e-9
0.07110373320517734
1.1461534697426543e-7
0.2327745370746008
0.13763148445886203
2.6152464870991937e-9
0.024640993785961122
1.7924076429636935e-9
4.764279510070754e-9
0.07708933399422355
0.07724111819017858
0.001117265783252227
0.02248311393392733
0.0024145178785114556
0.08310220503410667
8.47829713831194e-8
0.025087262102390158
0.04127346977670002
0.07774857013335618
