-0.0153644818425364
0.028602824375630026
-0.07361742767228346
0.006749955864050929
-0.01152385115386949
0.0708246637868344
0.0038324131741419936
0.01865297915714897
0.009493444821866861
-0.019244882917630064
0.011748401296788698
0.06482676381117483
0.08216645115090077
-0.04332976128451517
0.2512380958797342
-0.11227614133506074
0.21407224267487548
0.03635292033084522
0.08337872719994006
0.09756768190991734
-0.028270786136528763
0.03546253570925285
0.013939806945845717
0.13889180722886463
0.016336881823576177
0.039491026936710055
0.03552584761713195
0.06401834469807259
-0.019546484050879696
