4.182847431949331e-7
2.2171773668927568e-7
0.025888789324444546
4.3003170098153666e-7
0.0639284273248289
0.04949268989601579
6.554781041053064e-7
2.8467202576674604e-7
4.207226387772685e-7
2.9829430516788374e-7
4.5588503945325415e-7
6.419920422444749e-7
0.04825365039555136
0.11157949740257825
2.404930622136165e-7
6.360992220767103e-7
0.12670076619062567
0.15046422359755912
0.07253702100643543
1.2802418113418333e-6
5.728582366300239e-7
1.1465645622668109e-6
4.0045282016260256e-7
0.06582533337344075
0.03271438489276847
0.0158618545077196
0.2367452582999811
