5.34734113778423e-7
1.140967086174779e-7
0.03315408632196547
5.314289276161111e-7
0.10597551576512998
0.06826460113176977
4.423835397699841e-7
7.545697240276415e-7
7.625302009747156e-7
1.2576194754478854e-7
4.096693641084348e-6
6.67224822084653e-7
0.011557732494978627
0.11869565098150213
1.7215487660238974e-7
3.984679558208912e-7
0.1159737339833634
0.12394981075708729
0.0621238062930434
2.0917689978717927e-6
3.954922437575777e-6
0.0002199150740159319
1.272827109010641e-6
0.08139496254619848
0.07180324791047302
0.012219758586855305
0.19465125858861482
