6.009092640032492e-7
6.457933672766536e-7
6.1239855689517545e-6
6.191224108600318e-7
5.952522504095788e-7
0.02346025147294603
3.259871511017261e-7
0.058363735428303205
9.242611364003169e-7
3.218542734056369e-5
1.5460566856397286e-6
2.0319142446398305e-6
0.033498376040011886
1.0024022636960317e-6
0.29937305158074334
0.1697222713376548
4.607959075107955e-6
0.09566276908050807
4.221086137029133e-7
2.5614736139332997e-6
0.04921589783423145
0.0650070568112832
1.1623820620923652e-8
1.971564831510755e-6
1.5771230941633685e-6
7.067278638725867e-7
4.4747859663493454e-7
0.011036092538215152
0.10179947164767829
0.09280211905723172
