0.04704893569628228
-0.05976517421129446
0.05909402519454871
-0.011585743197482744
0.00011006501453174289
0.03081444182741985
-0.019873146180785065
-0.05396806922873668
-0.11948732831151168
-0.06958504473878994
0.013144546626192265
0.1284066493307016
0.027182849679748208
0.049925443118222085
0.002371191329948556
0.10058237143629746
0.1790039148010761
0.015695948956297105
0.09043563134634323
0.008785074140105622
0.002681470892478774
-0.024993606050439637
0.028663334772873958
-0.00843400506006503
0.1221287613176244
-0.0004904085993954194
0.12253931134535265
0.0026349091135991435
0.1968027878103523
0.14013086182850457
