0.040250789652102145
2.7801219407916288e-5
0.0025436123191130587
5.9775754781736836e-5
0.004504820364084458
0.0003988407369369469
1.647365779088512e-5
2.773900192873804e-5
3.558637227715347e-5
1.2651311324214516e-5
5.767385685154888e-5
0.08637450649327948
0.00012500222406934208
0.10608605940672483
2.08128498291669e-5
0.05317679128751856
0.16733230889247128
0.00030972312085395556
0.03920399187936349
0.0001070756603530318
0.013717368511598993
0.014081788760676377
0.10472526007007377
0.0002293705596321577
0.05314318452031055
0.013957573105375442
0.10404794849838712
3.87151040939033e-5
0.15052783215695137
0.044858922651838294
