1.5423266734366748e-7
1.562849646955447e-9
2.7319066998842916e-9
6.022672711869252e-10
9.777597247611885e-10
0.0340464051168886
9.229427249026437e-10
0.05559273891946011
2.8936931790906248e-9
0.009999570731631185
0.016895029655667963
1.5498442628817341e-9
0.0720742607740726
1.0351327649628696e-8
0.23910792535841968
0.14269277360703664
1.5513902142927682e-9
0.02991634076385932
1.0172602148398962e-9
2.88702266914744e-9
0.0733591023247056
0.08155540403963402
0.0004605124324428309
0.019888623118938405
0.00041874920028415823
0.0749288214287115
1.174262971264833e-8
0.02647004274370542
0.04508230622872147
0.07751120053225927
