0.004058275422200948
6.9732686291050036e-9
1.3140614644279972e-8
2.1980152315873425e-9
3.966252678540769e-9
0.03771936058478623
3.7119161531980566e-9
0.048604628460084634
1.0699159448046286e-8
0.020646910228778362
0.019268132627147373
5.927428203507376e-9
0.07006127119344428
0.0018588919191168444
0.22945935608299448
0.13581980287186363
5.925769027815292e-9
0.023400915854996922
4.121616902273195e-9
1.0899147454673386e-8
0.07810078698276525
0.07437777544317759
0.0009772072734570824
0.02379180620737851
0.0036545117865149205
0.0851371933556952
2.093263646752196e-6
0.024666391192638207
0.039032025665564296
0.07936259602056019
