0.04416538370190502
-0.05986060975888947
0.0641790281896353
-0.005540994520448993
0.00222099932052154
0.02932383721193336
-0.017915446050125256
-0.0574632232332659
-0.12153859959354844
-0.0698102018089497
0.013145983182651979
0.127721757920941
0.032215394539791053
0.05866654440023828
0.0025122628965984174
0.10228637991399081
0.1748424796173688
0.0056677359006000304
0.09211965750012606
0.007291205947766633
0.0013052285305773174
-0.03300390993829808
0.03050763386845842
-0.01240533497960314
0.12908320575194715
0.00423333921870873
0.12334078569936996
0.0022407528394680874
0.19375761817951725
0.13671110555101382
