-0.016051993863312953
0.02482205736217398
-0.07102051207512475
0.007026647998103137
-0.015186998769850203
0.06559159566846268
0.0034107123804977524
0.021056815150757843
0.011131027535725032
-0.018596150142628765
0.010643544293485994
0.06674875617126662
0.08242520890770065
-0.04262154687278207
0.2542280916291523
-0.10706646691928592
0.20773600288996563
0.032229275250791445
0.07978769647261959
0.10080042421594637
-0.026752873434659562
0.031393657678964265
0.01350749612285943
0.1424733679844486
0.01873386595447426
0.03758225772432966
0.04272541609271046
0.06318085059707239
-0.01993822600386379
