0.05239796706624334
-0.021278667645704553
0.027070348528431227
0.0007637797604610293
0.012273332670555578
0.0041665598623216475
-0.039334178331395964
-0.04161383635761868
-0.052051176801876535
-0.07865112146811626
-0.013256657429929528
0.10041668899187364
-0.010667219688194977
0.11066820212983532
-0.0010582493266175312
0.056422150993831466
0.1728704865696069
0.03337945955362345
0.03354673087244281
0.0008025591408224001
0.028164247297860937
0.056167495291673496
0.07821656317257526
0.01274032268777344
0.07248755535936345
0.027648524573245927
0.1099498898867968
-0.00933271047337367
0.16472451664480273
0.11236643646868684
