6.29467213879642e-8
0.0010316250454803302
2.570963424426697e-8
0.0057949235112103575
7.343984226745013e-8
1.4057374755115304e-7
2.3456668299774583e-7
0.00883548209707378
3.241825207576518e-7
7.536792483440819e-8
5.2664632149732824e-6
0.042966396321326795
0.07991217807920795
2.625313806235445e-8
0.2509488922698551
2.6696938376782917e-8
0.20004359025534096
0.018074102955547303
0.07824888161545765
0.0808201522987851
4.398047684676934e-8
0.014998489322560624
3.109934211688981e-5
0.1402468787899682
4.3256844521890686e-7
0.010115498964080231
0.028858386018076224
0.039066537414935716
1.5294968946517523e-7
