0.050763309518594556
-0.0032316545054418486
0.023557523125877135
0.00203431172796315
0.01613967103971165
0.012989040858518201
-0.038800715232224975
-0.04050557790616146
-0.07009115248612642
-0.075945418929457
-0.006827017133376426
0.1083106608025586
-0.019597488407442833
0.0917832812170876
0.012593021000777452
0.06459982455151612
0.1782956779153507
0.029028976546401564
0.04157271111367154
0.005927919815403502
0.01802408702390335
0.040774422197074396
0.07884818992913971
0.014582452631324018
0.066914096952737
0.0309619128190053
0.11788393087830014
-0.014705133639508188
0.16022816246294985
0.10389097411187356
