0.003706459861052991
0.000960743511663449
0.001351541345850844
0.00029383266568404733
0.000571352206551252
0.0340907092009942
0.0005077109996762547
0.05376664974991871
0.0013038898419227417
0.014605272205183345
0.015439715132574637
0.0007831588259186159
0.07379521480801007
0.005073248192791466
0.23331142981982547
0.14123129039016627
0.0008862205830759525
0.02346334225872843
0.000562356984436025
0.0014841488402676647
0.07122729421286068
0.05642152449697692
0.004335466016741816
0.022879094467528487
0.005223955422490443
0.0956054588577846
0.004358060261174283
0.024117555177202047
0.03422899849462715
0.074414305168321
