0.0026430699659769972
-0.06867490343896857
0.03273635824012197
-0.05085605791274131
-0.08266932982173684
0.0629366595192452
-0.06919834895476083
0.1253271886784431
0.012188819149100383
0.05442253348627354
0.025039357517903114
0.03566215497358207
0.07902870880231692
0.015638460548514296
0.2007762351584554
0.17921033248070042
0.010402407419355468
0.09412431695303047
-0.06270978628328752
0.012992612481202523
0.002436297722563213
0.07034866313129916
0.05758804149923568
0.03479361974657563
0.015984316847447413
-0.04572462102163661
-0.041164640662252644
0.03749225458511735
0.12560751177108384
0.13361776741784012
