1.2099604295029942e-8
5.767747887221006e-10
0.037743741144161146
3.3356250962602524e-9
0.11543288604614119
0.0672825619240462
1.6531698456855818e-9
3.968797072205197e-9
5.7620227025685095e-9
5.447789178540151e-10
0.02442440264445575
2.1438640939933855e-9
0.0018315741042061917
0.10644765749691378
1.003386482543966e-9
1.9974935101634207e-9
0.09899393922230808
0.11548365682899771
0.05088352332595156
0.010268164320933611
4.764035451948428e-9
0.017758143863440372
0.006368222485053975
0.07308644424167958
0.09362242774747505
3.1298533529097908e-9
0.18037261362483023
