0.019062750901592356
-0.056307747348024476
0.009354838115062098
-0.054799835532853995
-0.0550611095114376
0.04887396893820574
-0.03735006340740007
0.08090375264957467
0.009412880608824743
0.03128130752072565
0.033685913135918094
0.02436512226565347
0.0809093237258933
0.013926305523518083
0.23844424169546946
0.15534258368207896
0.009024887647398982
0.046977267568579235
-0.0775161416426153
0.010036076544132461
0.06686969114443876
0.09057463822546227
0.02822204679576349
0.037197125583146
0.0127019334764521
0.021956239304979492
0.01966945938546606
0.033113787261119035
0.05286611996641892
0.10626263577645809
