0.05923630414151706
8.2539283063209e-7
0.0050156440168241485
6.976134118790039e-7
5.900209649418729e-5
5.308563031694359e-6
5.869813459932454e-7
1.1470444211482321e-6
7.152698541339435e-7
5.32800877523749e-7
2.5062829008984464e-6
0.08828070507901362
0.004932364548602308
0.06473567209560072
8.945438086717364e-7
0.06233433291768095
0.2015028642148995
1.7847797273743884e-6
0.04991967433931785
2.409421944738006e-6
2.5479607555744226e-6
2.4188074222754573e-5
0.06706088052482563
4.731430967264746e-6
0.03497588809341736
0.017333595981482014
0.0982145783784948
8.033352428444594e-7
0.16480214672507187
0.08154666735141479
