1.9276129246363037e-6
0.04923511856960161
2.5388799914749295e-7
0.01186710328108445
2.8136471672725236e-7
4.2627583510130594e-7
4.06248319875825e-7
9.528038689404139e-7
8.896123010644293e-7
1.1196472009146263e-6
8.196488543172276e-7
0.027016651624134413
2.9622594344834924e-6
2.9092517318693714e-7
0.26861801160341425
3.008953451480664e-7
0.09534728270184177
0.043924396983783594
0.1053508406675905
0.11915067725037413
4.742202865126465e-7
1.4866066438598758e-6
8.511142744984724e-6
0.1596191646604826
3.002758912414293e-6
0.04298737044671573
0.0558126936876006
0.021045531709257964
1.050903557190712e-6
