0.050062786965353163
-0.022608440864648575
0.029931097914464935
-0.0008373734920563988
0.013650229622764524
0.011085861711859872
-0.03657379334030915
-0.04193465052019272
-0.05964840204416883
-0.07191470058223202
-0.010007680252275334
0.10119172845284753
-0.00837646992087928
0.1025842782350866
-0.002280775357955061
0.06321619561346649
0.17949276921830415
0.021570661248278125
0.042412699653959524
0.0017032838072321584
0.028492640342225563
0.04537773476510085
0.07344696215684468
0.012920912951354375
0.0809787468668421
0.025219954003654038
0.1123587308042812
-0.01033878365987026
0.1619417980026667
0.10688199769800091
