-0.0026078120710352304
-0.10690899860144717
0.04773242707962062
-0.003079513340796782
0.1532460144417302
0.08355301311901703
-0.055754452499662946
0.015840424945563147
0.0012233077908996046
-0.04730195236903383
0.04420111048595352
-0.01619305192083981
0.00380520040205356
0.12018257530273625
-0.015921670102751282
-0.015551448186586466
0.10549811101505441
0.1253395745560735
0.05907792987855067
0.018370325931217082
0.014171596531090304
0.05129780915330814
0.02688436417791482
0.10298496572207338
0.09240058281931825
-0.0014750920740294283
0.19898465781400843
