0.0006076546967614904
-0.09421041025265385
0.04271373609159029
-0.01412627874371751
0.14066804325711496
0.0841822012746986
-0.0529784431779101
0.01077809859572606
-8.901892698861904e-6
-0.04352843189748028
0.040523552573266765
-0.012970436338407837
0.00547179308603907
0.12975214837632562
-0.017752402423432716
-0.01897326306116884
0.10862001654680628
0.12307475478195945
0.05527381807945308
0.022976242720336913
0.008320360019758428
0.044994288947836754
0.029017769979618246
0.10280546548648302
0.10062232331295112
0.0014159967491177983
0.20273030321162616
