1.5015409561266273e-8
1.380748223061339e-9
0.03765732840911223
7.927318000163184e-9
0.1160383328577017
0.06970987421835931
4.324362752731432e-9
9.820751530996646e-9
1.2545196571736844e-8
1.3035194869647836e-9
0.019963386319166696
5.7703969476768845e-9
0.0023947342332877822
0.10961774712997834
2.3631276168603914e-9
4.8733189823276626e-9
0.1040091987954699
0.11851629022058574
0.05338919453355569
0.005314613728018541
1.4822398219090458e-8
0.014787770746118077
0.000929738959813047
0.07550567887915549
0.09016334165437308
1.0317396239975028e-8
0.18200267885136032
