1.9487013852909523e-5
1.2379443435816544e-7
7.063486169605899e-5
2.1881706365914715e-6
6.967146442251298e-8
0.036721304311781736
2.9560168599283045e-7
0.055537475020182206
2.4360873784960657e-5
0.002157136136079256
0.017236792621034665
0.0004373318645930517
0.06802397251600596
4.630676332491205e-7
0.23808443214449165
0.1338198787601559
0.00010019803231381428
0.0262278230214085
6.94862015859329e-8
5.1847983835346976e-8
0.0720707150672995
0.0942253411700369
0.0007678018381198427
0.0195715945658202
0.0005854879137326945
0.0852624098702743
3.250797614540929e-7
0.027588435159346628
0.044076848165817153
0.0773869523523705
