-0.011151038077116824
-0.06377848861969106
0.025343730987525778
-0.04399439786621691
0.14336825157577004
0.10551953043571864
0.008083326138156554
-0.06498360026366622
-0.016164286325501806
-0.04477516087625815
0.004043948824369261
-0.023337235356917778
0.007892304588147225
0.10920098950826389
-0.071371092411508
-0.014584863248891909
0.09752886898414834
0.16203551079328868
0.06511909380748074
0.022219815312251305
0.0020981232908974224
0.023964247186525747
0.018887868942282757
0.1483466555784972
0.08958412415498007
0.04914541749670702
0.271758355440758
