0.03811187207775964
-0.04949629393596729
0.007792667145132061
-0.06335625241315453
-0.04481658833470401
0.0584712570138492
-0.021193994205393918
0.051901790858549623
-0.0097519789146277
0.04058845706904306
0.03980506454922546
-0.000655613501847252
0.08167033728504558
0.06035468907521263
0.2215129739033872
0.13185154737805654
-0.011074087004625064
0.0177810826600129
-0.08176302781580674
0.0021213694129371104
0.08242185512519554
0.06682345315017964
0.032427344339847494
0.02954205666147356
0.011472657174104324
0.08073275578820022
0.07425147436148324
0.029099496063654768
0.03377786442012986
0.08959577061364678
