0.03824708656809612
-0.049905994214264594
0.007651936674328861
-0.06318769447480307
-0.04514698608372301
0.05840448282637009
-0.02127297661796546
0.05234896550233099
-0.00935485240655744
0.04015125655768963
0.039922414898067894
-0.000635103761154261
0.08207544849165033
0.05984740367734864
0.22188749677507053
0.13208906774459483
-0.01129391316424209
0.01785998899781951
-0.08233195477944692
0.0020777890592797517
0.08238186289118228
0.06723765451799478
0.032589551638687875
0.02941695017342033
0.011383862711650213
0.08054827793172775
0.07457249648903844
0.029117790671836005
0.034083896450686664
0.08923379425328544
