0.04543097744428327
3.561582811036439e-7
0.009437489859019437
3.73493401114544e-7
0.0019336572263166482
1.0820501863895986e-6
1.4015686415470142e-7
2.595897403446151e-7
2.5288379688381867e-7
1.6081278425014536e-7
5.140423043589228e-7
0.091039907753667
3.590216245732499e-7
0.08699006218631597
2.5118158519243766e-7
0.07017342354032614
0.17224009280932448
9.291464744898054e-7
0.04609213222840595
5.973709465294127e-7
0.0021976933806681378
0.011864135226076713
0.09250585435716463
8.32408618292037e-7
0.040326608424564744
0.017469430453646198
0.10484447108572255
2.7617179862484734e-7
0.15968410858005852
0.0477635709560332
