9.949580273438346e-8
7.191548095319573e-8
1.493099892843175e-7
4.732208080419558e-8
6.630943933243386e-8
0.015209404419105815
4.6881172005748856e-8
0.07080376498969443
9.639131258657427e-8
3.53050055466164e-6
2.3481212780168965e-6
5.582969774642984e-7
0.06879445857792882
1.3467498652442058e-7
0.266023291844227
0.1549060619218445
2.810214004430851e-7
0.0674815678228043
5.830140633057498e-8
3.231201068726323e-7
0.04652780944962102
0.09333177640522446
2.899854613718632e-7
0.014914418969371268
9.824938083859062e-7
0.011613602640175042
8.198960845272727e-8
0.02362414500529882
0.06794523083614433
0.0988153009876938
