3.3348305568934306e-8
3.650513202480032e-10
6.381266689101955e-10
1.4067205669533566e-10
2.2839125567480033e-10
0.03404628858215326
2.155742708000459e-10
0.055589655548368894
6.761520228428786e-10
0.00999898683999788
0.01689521556313009
3.6204395859458124e-10
0.07207586396389545
2.420110792490446e-9
0.23910713543697223
0.1426926950889956
3.623519995874266e-10
0.029915006729474447
2.3762642194568877e-10
6.743750913548519e-10
0.07335899712665057
0.08156005964216982
0.00045834529836238556
0.019889175807675005
0.0004214345767056901
0.07492696312087473
2.7463102049575232e-9
0.026469176736656493
0.045082609936019154
0.07751234758680649
