8.139784655830205e-7
6.550812477334383e-7
5.038523480281988e-6
5.950004161955434e-7
8.417854541249173e-7
0.015797144605769992
3.901785766426321e-7
0.056645857100884406
9.250645658086384e-7
1.3312553396144199e-5
3.3629572036233024e-6
0.00020714668814878176
0.046803716657236344
1.1128975383029334e-6
0.2936828919747776
0.16809179457093565
1.3718870360107788e-5
0.09429248775677021
5.60959509279417e-7
2.267945222182346e-6
0.0515002219034519
0.06812493737177684
1.8019054565383675e-6
9.100351270113426e-5
2.8326999860216935e-6
1.0524156294291854e-6
5.372524428963028e-7
0.01053635143668552
0.09395094580896675
0.10022568054294413
