9.204377317141003e-8
0.00036497778754825637
5.187954384280974e-8
0.006398761882963885
9.822957567068068e-8
1.8353158042974028e-7
2.249975722148148e-7
0.008569821003536822
2.949775320462776e-7
1.1848409503161743e-7
1.4335079080602937e-6
0.0433367776429345
0.07914143172734006
5.294113575724553e-8
0.25508966640310526
5.254258985732052e-8
0.19864563726978818
0.0174268848419339
0.07848315402250307
0.08160102118556428
8.107441883506788e-8
0.01382089320084639
6.802218943990955e-6
0.13949654205484843
4.0945738694162054e-7
0.009885255310322333
0.02905234397778753
0.038676736430842934
1.9937207844353682e-7
