0.03969970301735249
2.1026167947618817e-7
0.004691353668728726
5.296157599916286e-7
0.004414692594345089
0.000125260150116184
4.529367793414826e-5
1.4021348543632036e-6
1.7096020162032657e-7
6.171403971781503e-8
0.00034346026865459105
0.08286625280329588
0.000217114964250202
0.10490627917840349
9.9052908960581e-8
0.05639803309858572
0.1792450871909159
0.00046682415783980266
0.03076385449618811
5.472516134164279e-6
0.004786175449669612
0.02884124475400643
0.09451042640153612
1.1479479822465995e-7
0.03875776546111085
0.01735648225481443
0.1024182780007024
6.017272547673348e-7
0.15852002274144547
0.05061773289247312
