0.037548662484888924
-0.055967958308775316
0.0056072042623314085
-0.060186557717975174
-0.05065712974761743
0.055630926051870436
-0.024572746918363263
0.06199773168006757
0.00027926564718253093
0.033739457569194345
0.041647708467796814
0.002155087138597153
0.08655689669541367
0.04500540983044601
0.2294101819742854
0.13948282985058005
-0.012083577867502183
0.022681436007814363
-0.08930792083778173
0.0025148900687877746
0.07991076652739387
0.07385472271228984
0.03519430274539292
0.02968222145882386
0.01014134907690063
0.0702077001666164
0.07141369680817307
0.03168504793707057
0.03823744857138169
0.08819094766471582
