-0.007641223045364371
-0.08789806718380896
0.041394249456938814
-0.028643257790352428
0.14150141223389415
0.09656899543239916
-0.03447300926381437
-0.019425897572782593
-0.013591076701136856
-0.03974041367203776
0.0313393924172833
-0.01151313350147805
0.019372249662411693
0.13232281675561922
-0.025622842403094155
-0.02099801820467558
0.11818062233587774
0.13295353443279226
0.05605219421164639
0.018295803465957366
0.001179866297971794
0.04198328849697318
0.0075025837240302986
0.1187236617150324
0.09276308940981406
0.01760957028182283
0.2218036090080805
