2.2356643111722286e-10
0.0007972354850337457
1.2665499623826561e-10
0.0074509928198232996
2.1671445260899405e-10
3.9527490284721583e-10
4.637838604004587e-10
0.008176104177867356
6.414390487691707e-10
2.9740208349087567e-10
1.2540265127727847e-9
0.04398795373867645
0.07483913949147132
1.300020357842747e-10
0.25931788475795403
1.2853811340682388e-10
0.19440643876641459
0.01687197565410266
0.08032624799276335
0.08360773639484836
2.017357584038547e-10
0.00978062827615345
3.6725533178177904e-9
0.14189517413885275
9.368954782496203e-10
0.009206261629790711
0.03159569709796022
0.0377405204434689
4.4623181608455547e-10
