0.0037888131890430137
6.693443197483954e-8
2.3387463366144749e-7
1.396405841875914e-8
2.5459477597695438e-8
0.03725106644862496
2.6495665373232108e-8
0.04877591285324051
1.8404036460658967e-7
0.02004593620870019
0.02003402649369649
4.51290174854231e-8
0.07021869648129075
0.0018990238905458427
0.22989788703471126
0.13589779574790548
4.4333507082182124e-8
0.023521912457085375
2.992662228707348e-8
1.1724259711399058e-7
0.07780631742740207
0.07474600151546583
0.0007335336502952185
0.02379646410275401
0.0034585742382599997
0.08481874217963131
7.346593131127254e-5
0.0247257683590269
0.03930849672591641
0.07920077766471753
