-0.014960896440777268
0.030015906993122638
-0.07724845415205432
0.004771019030552818
-0.010760280881740737
0.05816438322457546
0.0027076403449033423
0.019860569006135642
0.013279123706695034
-0.02142946999662419
0.008783960278470171
0.06862910831391394
0.08515564649002393
-0.04128914408881174
0.24917820871251256
-0.09879357193284753
0.2105444623494072
0.0364360425857031
0.08435181131156173
0.09723088345981744
-0.024504459480501704
0.03380627841670641
0.011788660692226545
0.14532578635981683
0.01102950954985485
0.03903806618788445
0.032511683208228885
0.06921276741866239
-0.02283524066741782
