0.004005345811805889
9.601326673431656e-9
1.7894356994274298e-8
3.048094711681408e-9
5.4678789820488415e-9
0.037544017256688114
5.135086060341992e-9
0.04892308450823291
1.496488237000543e-8
0.020115648741594286
0.019244518959996678
8.171823388176338e-9
0.07026834653243925
0.001528505358832071
0.22992935555761343
0.13592950440526663
8.18290153313187e-9
0.023568886759191447
5.67957998324955e-9
1.4995129176326423e-8
0.07799924335040218
0.07474671653033507
0.0010308275093427245
0.02357351860854273
0.0034680345872476434
0.08497675814808092
5.274835179708829e-6
0.024694368959606063
0.039378601599232795
0.07906934883930955
