1.3505416773771853e-5
0.002343994724320623
3.7152813339075803e-6
0.00664371419433803
1.471399033632989e-5
2.7024254223760374e-5
4.8473067232240766e-5
0.013438048008961902
6.973743764306171e-5
1.4540732232938081e-5
0.0003937149590409587
0.04007212472321981
0.07650500874605058
3.708989914897787e-6
0.251049026193729
3.687292432896834e-6
0.19425895173784946
0.023264827936875898
0.0792755041200242
0.07760968345755384
6.334398855328008e-6
0.021702292673115894
0.0004714821759961745
0.13277229097128793
7.561623438843794e-5
0.016570356328015304
0.034632212784603544
0.02868169609509251
3.401307455653277e-5
