0.003869971274302572
-0.09184795218682666
0.04159272667819457
-0.012853711569409558
0.13409389806154398
0.08121423642598814
-0.05939228187405908
0.01593114219385694
0.0021929790287590584
-0.04365977513965269
0.044355554744079734
-0.014446164718111306
0.0029818250271356444
0.12943212124000228
-0.015511946237650977
-0.019000807579566764
0.10575488630417479
0.12168307294238558
0.055082195658292914
0.0268727638733993
0.0077649974277068734
0.04772724541372893
0.03595293408770217
0.10193828756359938
0.1018439260402188
-0.0024483747979451107
0.19887625011815055
