8.193155300877325e-9
7.30164742427142e-9
0.00659202181726641
1.2496385480159182e-8
1.65217932914615e-8
0.01731510176810125
4.800741031633687e-9
0.057335417090199424
7.28596548653671e-9
2.8149257279286604e-5
2.2943180786204726e-8
0.00045953900031549217
0.047992918480514526
8.177650787523144e-9
0.3142961286384499
0.1549253518863617
2.5481195944684312e-5
0.10588853895827516
6.646824590704075e-9
1.1209446988834948e-6
0.05499182681360506
0.04232958722966178
9.825576278180642e-9
1.5545595694683202e-6
3.3385212345369345e-8
8.680890165038414e-9
5.773508868726713e-9
0.00303613900935448
0.09627094874786539
0.09851002257000543
