0.044807766642818894
-0.05329221870705863
0.00228673819094204
-0.058982677058144424
-0.047375186623214105
0.06269351907755445
-0.02265368580546521
0.05789559918467885
-0.0035521194019312906
0.03351877492006363
0.04284487602784289
0.0014631063831105503
0.08715019957698326
0.04732788063275094
0.23165867890522177
0.13019816132122897
-0.021325361027551063
0.01692201443770383
-0.10331530352514345
0.003005400264122827
0.08239933871698671
0.0826124504195307
0.0344718116131947
0.026574944950831094
0.00621057284690986
0.07775149825092292
0.080273235395216
0.03361409837731825
0.04196421873342065
0.0828516672791544
