0.019057898030355683
-0.0563168719161904
0.009357531375899848
-0.054794864663023427
-0.05505352597296373
0.04887909702165091
-0.037345406761067235
0.08090428849845505
0.009434260659175162
0.03127565696510954
0.03368998354671215
0.024359199887169797
0.0809206489797009
0.013912292989617554
0.23844616311767342
0.15534420647297553
0.009012500644174347
0.046971812288772986
-0.07754185607915019
0.010040109856052751
0.06687061207477515
0.09057365155631843
0.028221155545372932
0.03719483237407076
0.012700569307454822
0.02195345903257051
0.01969650204219237
0.03311678270982848
0.05287039999401961
0.1062489104222962
