0.0031892133305681815
4.0444720106288685e-9
7.179462846814035e-9
1.3554718802885973e-9
2.3472242047957316e-9
0.03666476285357969
2.2363812596699673e-9
0.05109267341963111
6.836876029121905e-9
0.016401934299519638
0.018927639954002536
3.515451856936298e-9
0.0711105126492874
1.688325643849203e-7
0.23277994088428178
0.137637315082087
3.5514255129139568e-9
0.024632768080821044
2.432899627551345e-9
6.466245560270641e-9
0.07710261568181304
0.0772509542040769
0.0010814799065474814
0.022495605928478078
0.002411213006533811
0.08309826749055348
1.1378410740468039e-7
0.025082769619612914
0.04128054811672741
0.07775946290929608
