0.03629160909132133
-0.048010155083372516
0.011073550585715766
-0.06406584000526026
-0.04550318305801865
0.05740790602714619
-0.020543370975109127
0.04957769556976466
-0.009077322405357392
0.04298831160371456
0.04052100863441114
-0.001150305443762098
0.08047963540793512
0.05944352792809623
0.21762028262284255
0.13345907364052378
-0.00869159537990888
0.017425034681911807
-0.07575708542479453
0.0013230047598706968
0.08645922243547399
0.068374017150993
0.03261481443285893
0.030100947053779276
0.010751293657220638
0.07982581014056218
0.06641801956036218
0.02702449765410385
0.03237909558424587
0.09124049955272953
