-0.005227377420018665
-0.07251195740431027
0.032603939936528006
-0.04991546042801012
-0.08017205054601798
0.06573463382256704
-0.07229669424204191
0.13423648985820186
0.011517251353171134
0.0589907418250611
0.022347761054765405
0.04263162205721735
0.07601801127238002
0.031927252250486066
0.19690758377227555
0.17848536308463145
0.00229101747949215
0.10910722529073558
-0.05698306796556015
0.005448090909753128
-0.003022280722035589
0.06926834594344236
0.06937092752757613
0.014178660738627115
0.01810356746612728
-0.055621684288371956
-0.039978829677503026
0.03163826097377912
0.1326881315609073
0.13223452451614456
