9.912523072986297e-8
3.008899902620091e-8
0.04041719181967147
5.05469216912915e-7
0.1194722263054666
0.06760756515094925
4.407633746518033e-5
0.0007075156874242323
3.535688764953413e-5
8.970690230073948e-8
0.02450311991670807
0.00020721528439299257
0.00015688287292191081
0.10855286379089212
1.9088246626350753e-7
0.00046064046628293144
0.09778850710944965
0.117989910913554
0.0501436994150068
0.005891841312952798
1.90594919661649e-7
0.013080231972582297
0.005361081090895483
0.06825003634667652
0.09669044640517271
4.891047095070291e-5
0.1825895745751998
