0.002836268164761938
-0.09258597201633126
0.040308610007433514
-0.012754794727918824
0.13624475874056224
0.08094817835338225
-0.052623113800711954
0.015614774220222064
0.0005306829020383781
-0.044033639492524576
0.043836895448976336
-0.015637743162850354
0.0009387260354254107
0.12604827641886132
-0.01593786967553005
-0.02186426091268696
0.10653411051244185
0.12347281097092563
0.05611932118182928
0.0301303279099169
0.007585559919052551
0.04738052248231343
0.03701383158744715
0.10194353655190586
0.10186941580322739
-0.005105103246229346
0.20118588982405988
