0.05063538778814883
-0.02115470529070132
0.026483368234890538
0.00012209554417803278
0.01687711168600441
0.008974947479141262
-0.03805574221913799
-0.03951610850079594
-0.049761029349575894
-0.07971923380089004
-0.013177856868916711
0.10175717526953663
-0.0072854590500986225
0.11269564081392934
-0.004265148484933345
0.05402670695416531
0.17065147935848463
0.021597536633641626
0.03793103890814037
0.0018961987933389355
0.03404606716757897
0.04870971931087887
0.08375252466802376
0.013995392822335423
0.08218766129523247
0.030276703931282904
0.10976591619693103
-0.010830710457089297
0.15714711284171437
0.1002362083245615
