5.990550990243457e-8
0.012968743680707596
2.4759332213384262e-8
0.013229251996930536
3.3758725743625484e-8
6.04813347605397e-8
5.3768915920246345e-8
2.7519678233035507e-6
1.1006851454386274e-7
7.162681071368354e-8
1.626970119453376e-7
0.039453869547993535
0.0439728738949844
2.8478439309695005e-8
0.2468367861468646
2.7264982794898146e-8
0.18166534053634745
0.028607335533478575
0.09031010945745895
0.09049893328999978
4.7281133015342994e-8
0.0003980827561406705
1.116230800038979e-6
0.1643704082041997
2.166261791709358e-7
0.012102903603233699
0.04780552746072951
0.027774991164043153
7.781137431836068e-8
