-0.015679447549734087
0.029913796919151095
-0.07438577381143287
0.006277605034870791
-0.010153029500441568
0.07190921426611561
0.003721474222839553
0.01871037360566106
0.007955042782600837
-0.019698002542580615
0.012027600847121065
0.06408630003127962
0.08250737431757531
-0.04320324293802763
0.2473952119940228
-0.11278239478636778
0.21617383731197634
0.03755290991063162
0.08476270153886661
0.09640476100297626
-0.02814428782267314
0.03692075930342652
0.013626234650530696
0.1396100982751005
0.01470066407195661
0.03984990553197356
0.03459941842810752
0.06450521581201285
-0.019164320907539327
