1.229939278806847e-7
0.011758530769193283
1.2475961811966255e-7
0.022162354332540442
1.6073545704907118e-6
0.0001366155863133899
9.056541200005877e-8
0.02309977572943494
0.00015788314316404558
0.00010671964041585372
0.00484717848651383
0.042992534077982446
0.05134138975958405
9.49330836981449e-8
0.268935215988382
4.4053468016882317e-7
0.2258397267411888
0.004131427408568753
0.07530388199320641
0.07804907553842624
9.689987111486485e-8
0.01564481541209041
5.2757700133963775e-5
0.14396684314457167
0.0005099695632309347
0.004796305873840183
0.013613371092320628
0.012459117954997689
9.193202273664369e-5
